lattice diameter Temperature    PS
100.00    19.87   546.15   200.00
t(s)      gC/gcat/min     nm/s       CXFNum     coverage
3.80612     0.00024     0.00319     0.00000     0.00000
7.90428     0.00022     0.00297     0.00000     0.00000
11.63152     0.00023     0.00299     0.00000     0.00000
16.14779     0.00021     0.00282     0.00000     0.00000
20.27497     0.00021     0.00278     0.00000     0.00000
23.80528     0.00021     0.00281     0.00000     0.00000
27.70631     0.00021     0.00284     0.00000     0.00000
31.57901     0.00021     0.00282     0.00000     0.00000
35.93295     0.00021     0.00277     0.00000     0.00000
39.95567     0.00021     0.00275     0.00000     0.00000
44.10793     0.00021     0.00273     0.00000     0.00000
47.10565     0.00021     0.00280     0.00000     0.00000
50.20731     0.00021     0.00285     0.00000     0.00000
54.51435     0.00021     0.00283     0.00000     0.00000
57.66540     0.00022     0.00288     0.00000     0.00000
61.48214     0.00022     0.00288     0.00000     0.00000
65.51282     0.00022     0.00286     0.00000     0.00000
70.16991     0.00021     0.00284     0.00000     0.00000
74.15696     0.00021     0.00284     0.00000     0.00000
78.41073     0.00021     0.00282     0.00000     0.00000
82.21630     0.00021     0.00282     0.00000     0.00000
85.23604     0.00022     0.00286     0.00000     0.00000
88.18017     0.00022     0.00290     0.00000     0.00000
92.59132     0.00022     0.00287     0.00000     0.00000
96.25614     0.00022     0.00287     0.00000     0.00000
99.40281     0.00022     0.00290     0.00000     0.00000
103.50342     0.00022     0.00290     0.00000     0.00000
107.95713     0.00022     0.00287     0.00000     0.00000
111.82720     0.00022     0.00288     0.00000     0.00000
115.66321     0.00022     0.00288     0.00000     0.00000
119.42024     0.00022     0.00288     0.00000     0.00000
122.49528     0.00022     0.00291     0.00000     0.00000
125.88333     0.00022     0.00292     0.00000     0.00000
129.52129     0.00022     0.00292     0.00000     0.00000
133.76117     0.00022     0.00291     0.00000     0.00000
137.91453     0.00022     0.00290     0.00000     0.00000
141.21530     0.00022     0.00291     0.00000     0.00000
144.21547     0.00022     0.00293     0.00000     0.00000
148.04397     0.00022     0.00292     0.00000     0.00000
152.29208     0.00022     0.00292     0.00000     0.00000
156.32246     0.00022     0.00291     0.00000     0.00000
161.21386     0.00022     0.00289     0.00000     0.00000
164.79247     0.00022     0.00290     0.00000     0.00000
169.11778     0.00022     0.00289     0.00000     0.00000
172.62047     0.00022     0.00289     0.00000     0.00000
176.58584     0.00022     0.00289     0.00000     0.00000
180.42276     0.00022     0.00289     0.00000     0.00000
183.75320     0.00022     0.00290     0.00000     0.00000
187.46843     0.00022     0.00290     0.00000     0.00000
191.08887     0.00022     0.00290     0.00000     0.00000
194.58279     0.00022     0.00291     0.00000     0.00000
198.52923     0.00022     0.00290     0.00000     0.00000
202.08948     0.00022     0.00291     0.00000     0.00000
205.94556     0.00022     0.00291     0.00000     0.00000
209.89149     0.00022     0.00291     0.00000     0.00000
213.08499     0.00022     0.00292     0.00000     0.00000
216.84965     0.00022     0.00291     0.00000     0.00000
220.68939     0.00022     0.00292     0.00000     0.00000
224.54131     0.00022     0.00291     0.00000     0.00000
228.92408     0.00022     0.00291     0.00000     0.00000
233.26330     0.00022     0.00290     0.00000     0.00000
238.20076     0.00022     0.00289     0.00000     0.00000
242.40745     0.00022     0.00288     0.00000     0.00000
246.82881     0.00022     0.00287     0.00000     0.00000
250.46807     0.00022     0.00288     0.00000     0.00000
254.68120     0.00022     0.00287     0.00000     0.00000
258.12190     0.00022     0.00288     0.00000     0.00000
262.32833     0.00022     0.00287     0.00000     0.00000
265.79238     0.00022     0.00288     0.00000     0.00000
270.08598     0.00022     0.00287     0.00000     0.00000
274.28917     0.00022     0.00287     0.00000     0.00000
278.01574     0.00022     0.00287     0.00000     0.00000
282.22290     0.00022     0.00286     0.00000     0.00000
285.92611     0.00022     0.00287     0.00000     0.00000
289.88702     0.00022     0.00286     0.00000     0.00000
294.09179     0.00022     0.00286     0.00000     0.00000
298.04780     0.00022     0.00286     0.00000     0.00000
301.37802     0.00022     0.00287     0.00000     0.00000
305.54783     0.00022     0.00286     0.00000     0.00000
309.92373     0.00022     0.00286     0.00000     0.00000
313.26734     0.00022     0.00287     0.00000     0.00000
317.18500     0.00022     0.00286     0.00000     0.00000
320.93910     0.00022     0.00287     0.00000     0.00000
324.93542     0.00022     0.00286     0.00000     0.00000
328.72797     0.00022     0.00286     0.00000     0.00000
332.39531     0.00022     0.00287     0.00000     0.00000
336.30243     0.00022     0.00286     0.00000     0.00000
341.66744     0.00021     0.00285     0.00000     0.00000
346.11356     0.00021     0.00285     0.00000     0.00000
349.65797     0.00021     0.00285     0.00000     0.00000
353.54343     0.00021     0.00285     0.00000     0.00000
357.20775     0.00021     0.00285     0.00000     0.00000
361.44336     0.00021     0.00285     0.00000     0.00000
365.37487     0.00021     0.00285     0.00000     0.00000
368.41037     0.00022     0.00285     0.00000     0.00000
372.43350     0.00022     0.00285     0.00000     0.00000
376.40503     0.00022     0.00285     0.00000     0.00000
380.48141     0.00021     0.00285     0.00000     0.00000
384.41593     0.00021     0.00285     0.00000     0.00000
387.58010     0.00022     0.00286     0.00000     0.00000
391.39917     0.00022     0.00285     0.00000     0.00000
394.88779     0.00022     0.00286     0.00000     0.00000
398.20145     0.00022     0.00286     0.00000     0.00000
403.08348     0.00021     0.00285     0.00000     0.00000
406.42191     0.00022     0.00285     0.00000     0.00000
409.43262     0.00022     0.00286     0.00000     0.00000
413.15164     0.00022     0.00286     0.00000     0.00000
416.51675     0.00022     0.00287     0.00000     0.00000
421.15045     0.00022     0.00286     0.00000     0.00000
425.12415     0.00022     0.00286     0.00000     0.00000
428.54378     0.00022     0.00286     0.00000     0.00000
432.70324     0.00022     0.00286     0.00000     0.00000
437.19260     0.00022     0.00286     0.00000     0.00000
442.11816     0.00021     0.00285     0.00000     0.00000
445.81876     0.00021     0.00285     0.00000     0.00000
450.96058     0.00021     0.00284     0.00000     0.00000
455.77969     0.00021     0.00283     0.00000     0.00000
459.34961     0.00021     0.00283     0.00000     0.00000
463.70671     0.00021     0.00283     0.00000     0.00000
468.11744     0.00021     0.00283     0.00000     0.00000
471.79131     0.00021     0.00283     0.00000     0.00000
475.54435     0.00021     0.00283     0.00000     0.00000
478.95326     0.00021     0.00283     0.00000     0.00000
482.58550     0.00021     0.00283     0.00000     0.00000
487.25741     0.00021     0.00283     0.00000     0.00000
490.86596     0.00021     0.00283     0.00000     0.00000
494.26602     0.00021     0.00283     0.00000     0.00000
497.55518     0.00021     0.00284     0.00000     0.00000
501.62473     0.00021     0.00284     0.00000     0.00000
505.41162     0.00021     0.00284     0.00000     0.00000
509.53620     0.00021     0.00283     0.00000     0.00000
513.81125     0.00021     0.00283     0.00000     0.00000
518.34396     0.00021     0.00283     0.00000     0.00000
522.33355     0.00021     0.00283     0.00000     0.00000
526.20859     0.00021     0.00283     0.00000     0.00000
529.74260     0.00021     0.00283     0.00000     0.00000
534.74052     0.00021     0.00282     0.00000     0.00000
537.71757     0.00021     0.00283     0.00000     0.00000
541.42644     0.00021     0.00283     0.00000     0.00000
545.77070     0.00021     0.00283     0.00000     0.00000
549.18369     0.00021     0.00283     0.00000     0.00000
553.24414     0.00021     0.00283     0.00000     0.00000
557.32129     0.00021     0.00283     0.00000     0.00000
561.16193     0.00021     0.00283     0.00000     0.00000
565.56948     0.00021     0.00283     0.00000     0.00000
568.96919     0.00021     0.00283     0.00000     0.00000
572.55491     0.00021     0.00283     0.00000     0.00000
577.03853     0.00021     0.00283     0.00000     0.00000
581.90923     0.00021     0.00282     0.00000     0.00000
585.87759     0.00021     0.00282     0.00000     0.00000
589.32740     0.00021     0.00283     0.00000     0.00000
593.25791     0.00021     0.00283     0.00000     0.00000
596.97980     0.00021     0.00283     0.00000     0.00000
600.65943     0.00021     0.00283     0.00000     0.00000
604.75106     0.00021     0.00283     0.00000     0.00000
608.59200     0.00021     0.00283     0.00000     0.00000
612.34188     0.00021     0.00283     0.00000     0.00000
615.89090     0.00021     0.00283     0.00000     0.00000
619.70904     0.00021     0.00283     0.00000     0.00000
623.86632     0.00021     0.00283     0.00000     0.00000
628.09293     0.00021     0.00283     0.00000     0.00000
632.07938     0.00021     0.00283     0.00000     0.00000
635.97487     0.00021     0.00283     0.00000     0.00000
639.59790     0.00021     0.00283     0.00000     0.00000
643.51273     0.00021     0.00283     0.00000     0.00000
647.27116     0.00021     0.00283     0.00000     0.00000
651.24699     0.00021     0.00283     0.00000     0.00000
654.45954     0.00021     0.00283     0.00000     0.00000
658.88555     0.00021     0.00283     0.00000     0.00000
662.67652     0.00021     0.00283     0.00000     0.00000
666.18451     0.00021     0.00283     0.00000     0.00000
669.75593     0.00021     0.00283     0.00000     0.00000
673.66741     0.00021     0.00283     0.00000     0.00000
677.78794     0.00021     0.00283     0.00000     0.00000
681.68665     0.00021     0.00283     0.00000     0.00000
685.85862     0.00021     0.00283     0.00000     0.00000
689.12778     0.00021     0.00283     0.00000     0.00000
693.08041     0.00021     0.00283     0.00000     0.00000
696.41625     0.00021     0.00283     0.00000     0.00000
699.83090     0.00021     0.00284     0.00000     0.00000
703.62002     0.00021     0.00284     0.00000     0.00000
707.45495     0.00021     0.00284     0.00000     0.00000
711.66572     0.00021     0.00284     0.00000     0.00000
715.56358     0.00021     0.00284     0.00000     0.00000
719.01063     0.00021     0.00284     0.00000     0.00000
722.75407     0.00021     0.00284     0.00000     0.00000
726.93158     0.00021     0.00283     0.00000     0.00000
730.87440     0.00021     0.00283     0.00000     0.00000
735.52596     0.00021     0.00283     0.00000     0.00000
738.95578     0.00021     0.00283     0.00000     0.00000
742.45573     0.00021     0.00283     0.00000     0.00000
746.02099     0.00021     0.00283     0.00000     0.00000
750.20097     0.00021     0.00283     0.00000     0.00000
754.33873     0.00021     0.00283     0.00000     0.00000
759.04149     0.00021     0.00283     0.00000     0.00000
762.95287     0.00021     0.00283     0.00000     0.00000
766.65402     0.00021     0.00283     0.00000     0.00000
770.87803     0.00021     0.00283     0.00000     0.00000
774.26921     0.00021     0.00283     0.00000     0.00000
777.68113     0.00021     0.00284     0.00000     0.00000
781.62285     0.00021     0.00283     0.00000     0.00000
785.80975     0.00021     0.00283     0.00000     0.00000
789.44743     0.00021     0.00283     0.00000     0.00000
792.68344     0.00021     0.00284     0.00000     0.00000
796.29658     0.00021     0.00284     0.00000     0.00000
800.32600     0.00021     0.00284     0.00000     0.00000
805.07111     0.00021     0.00283     0.00000     0.00000
808.88556     0.00021     0.00284     0.00000     0.00000
812.32147     0.00021     0.00284     0.00000     0.00000
816.51096     0.00021     0.00284     0.00000     0.00000
820.43872     0.00021     0.00284     0.00000     0.00000
825.03553     0.00021     0.00283     0.00000     0.00000
828.82015     0.00021     0.00283     0.00000     0.00000
833.40633     0.00021     0.00283     0.00000     0.00000
837.75631     0.00021     0.00283     0.00000     0.00000
842.17915     0.00021     0.00283     0.00000     0.00000
845.56595     0.00021     0.00283     0.00000     0.00000
850.10741     0.00021     0.00283     0.00000     0.00000
854.04299     0.00021     0.00283     0.00000     0.00000
857.64343     0.00021     0.00283     0.00000     0.00000
861.33195     0.00021     0.00283     0.00000     0.00000
865.73626     0.00021     0.00282     0.00000     0.00000
869.26026     0.00021     0.00282     0.00000     0.00000
873.00926     0.00021     0.00283     0.00000     0.00000
876.95396     0.00021     0.00283     0.00000     0.00000
881.27848     0.00021     0.00282     0.00000     0.00000
885.94911     0.00021     0.00282     0.00000     0.00000
889.75965     0.00021     0.00282     0.00000     0.00000
893.37435     0.00021     0.00282     0.00000     0.00000
897.03927     0.00021     0.00282     0.00000     0.00000
900.33827     0.00021     0.00282     0.00000     0.00000
904.33580     0.00021     0.00283     0.00000     0.00000
907.93299     0.00021     0.00283     0.00000     0.00000
912.54297     0.00021     0.00282     0.00000     0.00000
916.20579     0.00021     0.00283     0.00000     0.00000
919.87933     0.00021     0.00282     0.00000     0.00000
924.08236     0.00021     0.00283     0.00000     0.00000
927.45710     0.00021     0.00283     0.00000     0.00000
931.47396     0.00021     0.00283     0.00000     0.00000
934.67701     0.00021     0.00283     0.00000     0.00000
938.13518     0.00021     0.00283     0.00000     0.00000
941.91942     0.00021     0.00283     0.00000     0.00000
945.49511     0.00021     0.00283     0.00000     0.00000
949.74927     0.00021     0.00283     0.00000     0.00000
953.85081     0.00021     0.00283     0.00000     0.00000
957.80692     0.00021     0.00283     0.00000     0.00000
962.34342     0.00021     0.00282     0.00000     0.00000
966.65258     0.00021     0.00282     0.00000     0.00000
970.13836     0.00021     0.00282     0.00000     0.00000
974.15357     0.00021     0.00282     0.00000     0.00000
977.72030     0.00021     0.00283     0.00000     0.00000
981.23646     0.00021     0.00283     0.00000     0.00000
985.52152     0.00021     0.00282     0.00000     0.00000
988.69457     0.00021     0.00283     0.00000     0.00000
993.02963     0.00021     0.00283     0.00000     0.00000
996.82948     0.00021     0.00283     0.00000     0.00000
1000.80134     0.00021     0.00283     0.00000     0.00000
1003.59411     0.00021     0.00283     0.00000     0.00000
1008.06344     0.00021     0.00283     0.00000     0.00000
1011.90410     0.00021     0.00283     0.00000     0.00000
1016.42959     0.00021     0.00283     0.00000     0.00000
1020.61901     0.00021     0.00282     0.00000     0.00000
1024.89503     0.00021     0.00282     0.00000     0.00000
1028.89780     0.00021     0.00282     0.00000     0.00000
1032.08830     0.00021     0.00283     0.00000     0.00000
1035.96750     0.00021     0.00283     0.00000     0.00000
1039.31249     0.00021     0.00283     0.00000     0.00000
1042.96219     0.00021     0.00283     0.00000     0.00000
1046.52196     0.00021     0.00283     0.00000     0.00000
1050.97589     0.00021     0.00283     0.00000     0.00000
1054.33656     0.00021     0.00283     0.00000     0.00000
1057.91901     0.00021     0.00283     0.00000     0.00000
1062.26695     0.00021     0.00283     0.00000     0.00000
1066.50175     0.00021     0.00283     0.00000     0.00000
1070.68005     0.00021     0.00283     0.00000     0.00000
1074.28660     0.00021     0.00283     0.00000     0.00000
1078.31809     0.00021     0.00283     0.00000     0.00000
1082.22263     0.00021     0.00283     0.00000     0.00000
1086.91490     0.00021     0.00283     0.00000     0.00000
1090.62082     0.00021     0.00283     0.00000     0.00000
1094.45910     0.00021     0.00283     0.00000     0.00000
1098.93369     0.00021     0.00283     0.00000     0.00000
1101.84028     0.00021     0.00283     0.00000     0.00000
1106.11461     0.00021     0.00283     0.00000     0.00000
1109.01857     0.00021     0.00283     0.00000     0.00000
1112.49745     0.00021     0.00283     0.00000     0.00000
1116.09326     0.00021     0.00283     0.00000     0.00000
1120.10840     0.00021     0.00283     0.00000     0.00000
1123.44324     0.00021     0.00284     0.00000     0.00000
1126.38221     0.00021     0.00284     0.00000     0.00000
1130.71576     0.00021     0.00284     0.00000     0.00000
1134.29423     0.00021     0.00284     0.00000     0.00000
1139.00990     0.00021     0.00283     0.00000     0.00000
1143.50868     0.00021     0.00283     0.00000     0.00000
1147.30960     0.00021     0.00283     0.00000     0.00000
1151.64723     0.00021     0.00283     0.00000     0.00000
1155.46245     0.00021     0.00283     0.00000     0.00000
1158.75667     0.00021     0.00283     0.00000     0.00000
1162.32556     0.00021     0.00283     0.00000     0.00000
1165.38919     0.00021     0.00284     0.00000     0.00000
1168.82765     0.00021     0.00284     0.00000     0.00000
1172.27784     0.00021     0.00284     0.00000     0.00000
1175.90159     0.00021     0.00284     0.00000     0.00000
1179.09792     0.00021     0.00284     0.00000     0.00000
1182.80645     0.00021     0.00284     0.00000     0.00000
1186.72641     0.00021     0.00284     0.00000     0.00000
1191.12237     0.00021     0.00284     0.00000     0.00000
1194.81943     0.00021     0.00284     0.00000     0.00000
1199.34239     0.00021     0.00284     0.00000     0.00000
1203.69052     0.00021     0.00284     0.00000     0.00000
1207.00788     0.00021     0.00284     0.00000     0.00000
1211.65496     0.00021     0.00284     0.00000     0.00000
1215.23336     0.00021     0.00284     0.00000     0.00000
1218.43493     0.00021     0.00284     0.00000     0.00000
1222.07585     0.00021     0.00284     0.00000     0.00000
1225.67645     0.00021     0.00284     0.00000     0.00000
1230.27171     0.00021     0.00284     0.00000     0.00000
1233.58176     0.00021     0.00284     0.00000     0.00000
1238.55278     0.00021     0.00284     0.00000     0.00000
1241.84995     0.00021     0.00284     0.00000     0.00000
1244.86731     0.00021     0.00284     0.00000     0.00000
1248.24536     0.00021     0.00284     0.00000     0.00000
1252.39757     0.00021     0.00284     0.00000     0.00000
1256.30692     0.00021     0.00284     0.00000     0.00000
1260.69450     0.00021     0.00284     0.00000     0.00000
1265.13013     0.00021     0.00284     0.00000     0.00000
1269.03274     0.00021     0.00284     0.00000     0.00000
1273.41640     0.00021     0.00284     0.00000     0.00000
1277.10445     0.00021     0.00284     0.00000     0.00000
1281.12694     0.00021     0.00284     0.00000     0.00000
1284.07578     0.00021     0.00284     0.00000     0.00000
1287.47577     0.00021     0.00284     0.00000     0.00000
1291.03423     0.00021     0.00284     0.00000     0.00000
1293.94089     0.00021     0.00284     0.00000     0.00000
1297.81492     0.00021     0.00284     0.00000     0.00000
1302.22909     0.00021     0.00284     0.00000     0.00000
1306.83211     0.00021     0.00284     0.00000     0.00000
1310.51117     0.00021     0.00284     0.00000     0.00000
1314.33754     0.00021     0.00284     0.00000     0.00000
1318.46751     0.00021     0.00284     0.00000     0.00000
1322.11836     0.00021     0.00284     0.00000     0.00000
1325.99860     0.00021     0.00284     0.00000     0.00000
1329.65244     0.00021     0.00284     0.00000     0.00000
1333.72900     0.00021     0.00284     0.00000     0.00000
1336.19109     0.00021     0.00284     0.00000     0.00000
1339.56592     0.00021     0.00285     0.00000     0.00000
1343.32716     0.00021     0.00285     0.00000     0.00000
1346.85169     0.00021     0.00285     0.00000     0.00000
1350.52252     0.00021     0.00285     0.00000     0.00000
1353.66356     0.00021     0.00285     0.00000     0.00000
1356.99031     0.00021     0.00285     0.00000     0.00000
1360.31816     0.00021     0.00285     0.00000     0.00000
1364.91942     0.00021     0.00285     0.00000     0.00000
1369.76907     0.00021     0.00285     0.00000     0.00000
1372.97409     0.00021     0.00285     0.00000     0.00000
1376.92932     0.00021     0.00285     0.00000     0.00000
1380.62340     0.00021     0.00285     0.00000     0.00000
1384.73353     0.00021     0.00285     0.00000     0.00000
1388.87381     0.00021     0.00285     0.00000     0.00000
1392.53878     0.00021     0.00285     0.00000     0.00000
1396.67670     0.00021     0.00285     0.00000     0.00000
1400.32323     0.00021     0.00285     0.00000     0.00000
1404.13322     0.00021     0.00285     0.00000     0.00000
1408.44187     0.00021     0.00285     0.00000     0.00000
1412.37504     0.00021     0.00285     0.00000     0.00000
1417.23949     0.00021     0.00284     0.00000     0.00000
1420.77574     0.00021     0.00285     0.00000     0.00000
1425.22814     0.00021     0.00284     0.00000     0.00000
1428.81284     0.00021     0.00284     0.00000     0.00000
1432.78527     0.00021     0.00284     0.00000     0.00000
1436.86171     0.00021     0.00284     0.00000     0.00000
1441.13541     0.00021     0.00284     0.00000     0.00000
1445.45747     0.00021     0.00284     0.00000     0.00000
1449.88850     0.00021     0.00284     0.00000     0.00000
1454.20234     0.00021     0.00284     0.00000     0.00000
1457.81955     0.00021     0.00284     0.00000     0.00000
1461.33357     0.00021     0.00284     0.00000     0.00000
1466.15857     0.00021     0.00284     0.00000     0.00000
1470.14395     0.00021     0.00284     0.00000     0.00000
1473.77208     0.00021     0.00284     0.00000     0.00000
1477.13696     0.00021     0.00284     0.00000     0.00000
1481.09884     0.00021     0.00284     0.00000     0.00000
1484.68102     0.00021     0.00284     0.00000     0.00000
1488.69942     0.00021     0.00284     0.00000     0.00000
1493.28303     0.00021     0.00284     0.00000     0.00000
1497.16745     0.00021     0.00284     0.00000     0.00000
1501.99482     0.00021     0.00284     0.00000     0.00000
1505.39770     0.00021     0.00284     0.00000     0.00000
1509.57611     0.00021     0.00284     0.00000     0.00000
1513.21062     0.00021     0.00284     0.00000     0.00000
1516.95575     0.00021     0.00284     0.00000     0.00000
1521.00310     0.00021     0.00284     0.00000     0.00000
1524.56480     0.00021     0.00284     0.00000     0.00000
1529.23499     0.00021     0.00284     0.00000     0.00000
1532.68434     0.00021     0.00284     0.00000     0.00000
1536.71544     0.00021     0.00284     0.00000     0.00000
1540.63854     0.00021     0.00284     0.00000     0.00000
1544.25411     0.00021     0.00284     0.00000     0.00000
1547.87588     0.00021     0.00284     0.00000     0.00000
1551.48872     0.00021     0.00284     0.00000     0.00000
1555.38034     0.00021     0.00284     0.00000     0.00000
1559.80539     0.00021     0.00284     0.00000     0.00000
1562.88588     0.00021     0.00284     0.00000     0.00000
1567.11816     0.00021     0.00284     0.00000     0.00000
1571.19309     0.00021     0.00284     0.00000     0.00000
1574.97852     0.00021     0.00284     0.00000     0.00000
1579.04426     0.00021     0.00284     0.00000     0.00000
1582.80625     0.00021     0.00284     0.00000     0.00000
1585.48853     0.00021     0.00284     0.00000     0.00000
1588.66765     0.00021     0.00284     0.00000     0.00000
1593.35631     0.00021     0.00284     0.00000     0.00000
1596.58391     0.00021     0.00284     0.00000     0.00000
1601.90001     0.00021     0.00284     0.00000     0.00000
1606.05619     0.00021     0.00284     0.00000     0.00000
1610.01509     0.00021     0.00284     0.00000     0.00000
1612.75792     0.00021     0.00284     0.00000     0.00000
1616.73463     0.00021     0.00284     0.00000     0.00000
1620.27813     0.00021     0.00284     0.00000     0.00000
1623.62361     0.00021     0.00284     0.00000     0.00000
1627.30015     0.00021     0.00284     0.00000     0.00000
1631.83149     0.00021     0.00284     0.00000     0.00000
1635.48650     0.00021     0.00284     0.00000     0.00000
1639.92950     0.00021     0.00284     0.00000     0.00000
1643.42551     0.00021     0.00284     0.00000     0.00000
1647.14704     0.00021     0.00284     0.00000     0.00000
1651.00194     0.00021     0.00284     0.00000     0.00000
1654.91627     0.00021     0.00284     0.00000     0.00000
1658.57835     0.00021     0.00284     0.00000     0.00000
1662.62283     0.00021     0.00284     0.00000     0.00000
1666.57828     0.00021     0.00284     0.00000     0.00000
1670.51517     0.00021     0.00284     0.00000     0.00000
1674.49324     0.00021     0.00284     0.00000     0.00000
1677.85609     0.00021     0.00284     0.00000     0.00000
1681.81832     0.00021     0.00284     0.00000     0.00000
1686.03679     0.00021     0.00284     0.00000     0.00000
1689.90699     0.00021     0.00284     0.00000     0.00000
1693.80194     0.00021     0.00284     0.00000     0.00000
1697.99053     0.00021     0.00284     0.00000     0.00000
1701.72979     0.00021     0.00284     0.00000     0.00000
1706.31143     0.00021     0.00284     0.00000     0.00000
1709.97755     0.00021     0.00284     0.00000     0.00000
1713.04460     0.00021     0.00284     0.00000     0.00000
1716.54186     0.00021     0.00284     0.00000     0.00000
1720.43957     0.00021     0.00284     0.00000     0.00000
1724.77133     0.00021     0.00284     0.00000     0.00000
1728.72835     0.00021     0.00284     0.00000     0.00000
1733.24714     0.00021     0.00284     0.00000     0.00000
1736.56051     0.00021     0.00284     0.00000     0.00000
1740.47941     0.00021     0.00284     0.00000     0.00000
1744.35638     0.00021     0.00284     0.00000     0.00000
1747.56564     0.00021     0.00284     0.00000     0.00000
1751.52490     0.00021     0.00284     0.00000     0.00000
1755.76905     0.00021     0.00284     0.00000     0.00000
1760.27648     0.00021     0.00284     0.00000     0.00000
1763.49132     0.00021     0.00284     0.00000     0.00000
1767.50723     0.00021     0.00284     0.00000     0.00000
1771.31012     0.00021     0.00284     0.00000     0.00000
1775.95877     0.00021     0.00284     0.00000     0.00000
1779.84813     0.00021     0.00284     0.00000     0.00000
1783.64807     0.00021     0.00284     0.00000     0.00000
1786.69889     0.00021     0.00284     0.00000     0.00000
1790.40999     0.00021     0.00284     0.00000     0.00000
1793.02452     0.00021     0.00284     0.00000     0.00000
1796.95911     0.00021     0.00284     0.00000     0.00000
1801.28028     0.00021     0.00284     0.00000     0.00000
1805.24188     0.00021     0.00284     0.00000     0.00000
1808.75317     0.00021     0.00284     0.00000     0.00000
1812.71186     0.00021     0.00284     0.00000     0.00000
1816.73152     0.00021     0.00284     0.00000     0.00000
1821.04952     0.00021     0.00284     0.00000     0.00000
1825.12388     0.00021     0.00284     0.00000     0.00000
1829.24325     0.00021     0.00284     0.00000     0.00000
1832.96646     0.00021     0.00284     0.00000     0.00000
1836.80000     0.00021     0.00284     0.00000     0.00000
1841.49743     0.00021     0.00284     0.00000     0.00000
1845.38878     0.00021     0.00284     0.00000     0.00000
1848.85598     0.00021     0.00284     0.00000     0.00000
1853.39341     0.00021     0.00284     0.00000     0.00000
1857.38581     0.00021     0.00284     0.00000     0.00000
1861.18069     0.00021     0.00284     0.00000     0.00000
1865.10171     0.00021     0.00284     0.00000     0.00000
1868.56816     0.00021     0.00284     0.00000     0.00000
1872.31345     0.00021     0.00284     0.00000     0.00000
1876.31564     0.00021     0.00284     0.00000     0.00000
1880.27927     0.00021     0.00284     0.00000     0.00000
1883.83309     0.00021     0.00284     0.00000     0.00000
1887.82390     0.00021     0.00284     0.00000     0.00000
1892.08452     0.00021     0.00284     0.00000     0.00000
1895.92493     0.00021     0.00284     0.00000     0.00000
1899.70224     0.00021     0.00284     0.00000     0.00000
1903.31687     0.00021     0.00284     0.00000     0.00000
1907.62147     0.00021     0.00284     0.00000     0.00000
1911.97123     0.00021     0.00284     0.00000     0.00000
1916.12815     0.00021     0.00284     0.00000     0.00000
1919.63735     0.00021     0.00284     0.00000     0.00000
1922.61881     0.00021     0.00284     0.00000     0.00000
1927.15879     0.00021     0.00284     0.00000     0.00000
1930.80502     0.00021     0.00284     0.00000     0.00000
1934.34517     0.00021     0.00284     0.00000     0.00000
1938.14721     0.00021     0.00284     0.00000     0.00000
1941.29944     0.00021     0.00284     0.00000     0.00000
1945.14535     0.00021     0.00284     0.00000     0.00000
1949.16667     0.00021     0.00284     0.00000     0.00000
1953.15134     0.00021     0.00284     0.00000     0.00000
1956.57442     0.00021     0.00284     0.00000     0.00000
1960.88694     0.00021     0.00284     0.00000     0.00000
1964.98314     0.00021     0.00284     0.00000     0.00000
1968.16327     0.00021     0.00284     0.00000     0.00000
1971.65851     0.00021     0.00284     0.00000     0.00000
1975.96682     0.00021     0.00284     0.00000     0.00000
1979.62319     0.00021     0.00284     0.00000     0.00000
1982.77665     0.00021     0.00284     0.00000     0.00000
1986.01480     0.00021     0.00285     0.00000     0.00000
1989.83485     0.00021     0.00285     0.00000     0.00000
1993.40074     0.00021     0.00285     0.00000     0.00000
1997.21014     0.00021     0.00285     0.00000     0.00000
2001.40853     0.00021     0.00285     0.00000     0.00000
2005.21950     0.00021     0.00285     0.00000     0.00000
2009.11000     0.00021     0.00285     0.00000     0.00000
2013.21023     0.00021     0.00284     0.00000     0.00000
2017.07276     0.00021     0.00284     0.00000     0.00000
2021.14903     0.00021     0.00284     0.00000     0.00000
2024.84117     0.00021     0.00284     0.00000     0.00000
2028.58371     0.00021     0.00284     0.00000     0.00000
2032.09148     0.00021     0.00285     0.00000     0.00000
2036.02273     0.00021     0.00285     0.00000     0.00000
2039.10565     0.00021     0.00285     0.00000     0.00000
2042.93217     0.00021     0.00285     0.00000     0.00000
2046.99501     0.00021     0.00285     0.00000     0.00000
2050.66796     0.00021     0.00285     0.00000     0.00000
2054.71747     0.00021     0.00285     0.00000     0.00000
2058.49797     0.00021     0.00285     0.00000     0.00000
2062.57863     0.00021     0.00285     0.00000     0.00000
2066.93622     0.00021     0.00284     0.00000     0.00000
2070.96388     0.00021     0.00284     0.00000     0.00000
2075.12509     0.00021     0.00284     0.00000     0.00000
2078.70142     0.00021     0.00285     0.00000     0.00000
2082.18446     0.00021     0.00285     0.00000     0.00000
2085.61479     0.00021     0.00285     0.00000     0.00000
2090.26536     0.00021     0.00285     0.00000     0.00000
2093.59544     0.00021     0.00285     0.00000     0.00000
2097.39954     0.00021     0.00285     0.00000     0.00000
2101.30019     0.00021     0.00285     0.00000     0.00000
2105.54635     0.00021     0.00285     0.00000     0.00000
2109.62735     0.00021     0.00285     0.00000     0.00000
2113.82548     0.00021     0.00284     0.00000     0.00000
2117.54464     0.00021     0.00285     0.00000     0.00000
2120.75609     0.00021     0.00285     0.00000     0.00000
2125.51004     0.00021     0.00284     0.00000     0.00000
2130.04990     0.00021     0.00284     0.00000     0.00000
2134.00505     0.00021     0.00284     0.00000     0.00000
2137.55233     0.00021     0.00284     0.00000     0.00000
2142.14216     0.00021     0.00284     0.00000     0.00000
2145.35808     0.00021     0.00284     0.00000     0.00000
2149.29828     0.00021     0.00284     0.00000     0.00000
2153.51497     0.00021     0.00284     0.00000     0.00000
2157.75705     0.00021     0.00284     0.00000     0.00000
2161.85433     0.00021     0.00284     0.00000     0.00000
2165.88973     0.00021     0.00284     0.00000     0.00000
2169.79664     0.00021     0.00284     0.00000     0.00000
2173.81638     0.00021     0.00284     0.00000     0.00000
2178.27444     0.00021     0.00284     0.00000     0.00000
2181.59873     0.00021     0.00284     0.00000     0.00000
2184.54997     0.00021     0.00284     0.00000     0.00000
2189.03615     0.00021     0.00284     0.00000     0.00000
2192.82549     0.00021     0.00284     0.00000     0.00000
2196.25056     0.00021     0.00284     0.00000     0.00000
2200.03528     0.00021     0.00284     0.00000     0.00000
2204.03071     0.00021     0.00284     0.00000     0.00000
2207.84387     0.00021     0.00284     0.00000     0.00000
2212.37252     0.00021     0.00284     0.00000     0.00000
2215.62129     0.00021     0.00284     0.00000     0.00000
2218.39517     0.00021     0.00284     0.00000     0.00000
2222.18501     0.00021     0.00284     0.00000     0.00000
2226.13845     0.00021     0.00284     0.00000     0.00000
2229.93394     0.00021     0.00284     0.00000     0.00000
2233.46480     0.00021     0.00284     0.00000     0.00000
2237.30234     0.00021     0.00285     0.00000     0.00000
2241.45660     0.00021     0.00284     0.00000     0.00000
2246.06688     0.00021     0.00284     0.00000     0.00000
2250.13993     0.00021     0.00284     0.00000     0.00000
2254.61381     0.00021     0.00284     0.00000     0.00000
2258.94733     0.00021     0.00284     0.00000     0.00000
2262.67668     0.00021     0.00284     0.00000     0.00000
2266.24760     0.00021     0.00284     0.00000     0.00000
2269.69907     0.00021     0.00284     0.00000     0.00000
2273.33330     0.00021     0.00284     0.00000     0.00000
2276.71092     0.00021     0.00284     0.00000     0.00000
2281.26882     0.00021     0.00284     0.00000     0.00000
2285.34638     0.00021     0.00284     0.00000     0.00000
2290.23656     0.00021     0.00284     0.00000     0.00000
2293.95135     0.00021     0.00284     0.00000     0.00000
2297.82284     0.00021     0.00284     0.00000     0.00000
2301.81841     0.00021     0.00284     0.00000     0.00000
2305.52191     0.00021     0.00284     0.00000     0.00000
2309.32235     0.00021     0.00284     0.00000     0.00000
2313.39696     0.00021     0.00284     0.00000     0.00000
2317.16314     0.00021     0.00284     0.00000     0.00000
2321.24529     0.00021     0.00284     0.00000     0.00000
2324.83795     0.00021     0.00284     0.00000     0.00000
2329.40226     0.00021     0.00284     0.00000     0.00000
2333.19870     0.00021     0.00284     0.00000     0.00000
2336.72541     0.00021     0.00284     0.00000     0.00000
2340.04529     0.00021     0.00284     0.00000     0.00000
2342.90525     0.00021     0.00284     0.00000     0.00000
2346.63516     0.00021     0.00284     0.00000     0.00000
2350.52882     0.00021     0.00284     0.00000     0.00000
2354.56808     0.00021     0.00284     0.00000     0.00000
2358.69830     0.00021     0.00284     0.00000     0.00000
2362.78328     0.00021     0.00284     0.00000     0.00000
2366.53093     0.00021     0.00284     0.00000     0.00000
2370.31807     0.00021     0.00284     0.00000     0.00000
2373.87523     0.00021     0.00284     0.00000     0.00000
2376.82698     0.00021     0.00284     0.00000     0.00000
2380.41097     0.00021     0.00284     0.00000     0.00000
2384.39419     0.00021     0.00284     0.00000     0.00000
2388.75014     0.00021     0.00284     0.00000     0.00000
2392.79456     0.00021     0.00284     0.00000     0.00000
2397.37601     0.00021     0.00284     0.00000     0.00000
2401.99251     0.00021     0.00284     0.00000     0.00000
2405.76733     0.00021     0.00284     0.00000     0.00000
2409.61216     0.00021     0.00284     0.00000     0.00000
2413.28604     0.00021     0.00284     0.00000     0.00000
2416.62635     0.00021     0.00284     0.00000     0.00000
2421.29117     0.00021     0.00284     0.00000     0.00000
2425.56626     0.00021     0.00284     0.00000     0.00000
2430.39856     0.00021     0.00284     0.00000     0.00000
2434.47163     0.00021     0.00284     0.00000     0.00000
2437.78400     0.00021     0.00284     0.00000     0.00000
2441.79337     0.00021     0.00284     0.00000     0.00000
2446.23906     0.00021     0.00284     0.00000     0.00000
2450.36446     0.00021     0.00284     0.00000     0.00000
2454.23974     0.00021     0.00284     0.00000     0.00000
2458.90553     0.00021     0.00284     0.00000     0.00000
2462.35548     0.00021     0.00284     0.00000     0.00000
2465.99839     0.00021     0.00284     0.00000     0.00000
2469.58516     0.00021     0.00284     0.00000     0.00000
2473.46037     0.00021     0.00284     0.00000     0.00000
2477.76446     0.00021     0.00284     0.00000     0.00000
2480.35242     0.00021     0.00284     0.00000     0.00000
2483.25079     0.00021     0.00284     0.00000     0.00000
2486.71832     0.00021     0.00284     0.00000     0.00000
2490.62070     0.00021     0.00284     0.00000     0.00000
2494.80755     0.00021     0.00284     0.00000     0.00000
2498.72667     0.00021     0.00284     0.00000     0.00000
2502.74806     0.00021     0.00284     0.00000     0.00000
2507.13044     0.00021     0.00284     0.00000     0.00000
2510.92111     0.00021     0.00284     0.00000     0.00000
2513.90832     0.00021     0.00284     0.00000     0.00000
2518.32586     0.00021     0.00284     0.00000     0.00000
2522.04008     0.00021     0.00284     0.00000     0.00000
2526.55312     0.00021     0.00284     0.00000     0.00000
2530.15344     0.00021     0.00284     0.00000     0.00000
2533.35081     0.00021     0.00284     0.00000     0.00000
2537.79719     0.00021     0.00284     0.00000     0.00000
2542.21402     0.00021     0.00284     0.00000     0.00000
2545.60850     0.00021     0.00284     0.00000     0.00000
2549.08097     0.00021     0.00284     0.00000     0.00000
2553.14839     0.00021     0.00284     0.00000     0.00000
2557.48173     0.00021     0.00284     0.00000     0.00000
2561.17959     0.00021     0.00284     0.00000     0.00000
2565.10780     0.00021     0.00284     0.00000     0.00000
2569.30034     0.00021     0.00284     0.00000     0.00000
2574.15295     0.00021     0.00284     0.00000     0.00000
2578.25274     0.00021     0.00284     0.00000     0.00000
2582.09898     0.00021     0.00284     0.00000     0.00000
2585.70884     0.00021     0.00284     0.00000     0.00000
2589.12644     0.00021     0.00284     0.00000     0.00000
2592.91336     0.00021     0.00284     0.00000     0.00000
2596.88074     0.00021     0.00284     0.00000     0.00000
2600.42260     0.00021     0.00284     0.00000     0.00000
2604.63701     0.00021     0.00284     0.00000     0.00000
2608.22685     0.00021     0.00284     0.00000     0.00000
2611.70645     0.00021     0.00284     0.00000     0.00000
2615.63802     0.00021     0.00284     0.00000     0.00000
2619.98423     0.00021     0.00284     0.00000     0.00000
2623.81609     0.00021     0.00284     0.00000     0.00000
2628.46145     0.00021     0.00284     0.00000     0.00000
2631.75861     0.00021     0.00284     0.00000     0.00000
2635.73880     0.00021     0.00284     0.00000     0.00000
2639.61506     0.00021     0.00284     0.00000     0.00000
2643.60553     0.00021     0.00284     0.00000     0.00000
2647.22599     0.00021     0.00284     0.00000     0.00000
2651.23722     0.00021     0.00284     0.00000     0.00000
2654.78112     0.00021     0.00284     0.00000     0.00000
2658.68558     0.00021     0.00284     0.00000     0.00000
2663.06306     0.00021     0.00284     0.00000     0.00000
2666.98341     0.00021     0.00284     0.00000     0.00000
2671.11419     0.00021     0.00284     0.00000     0.00000
2674.72428     0.00021     0.00284     0.00000     0.00000
2677.72105     0.00021     0.00284     0.00000     0.00000
2682.63897     0.00021     0.00284     0.00000     0.00000
2685.66194     0.00021     0.00284     0.00000     0.00000
2689.70323     0.00021     0.00284     0.00000     0.00000
2693.35230     0.00021     0.00284     0.00000     0.00000
2697.11341     0.00021     0.00284     0.00000     0.00000
2700.23559     0.00021     0.00284     0.00000     0.00000
2704.89733     0.00021     0.00284     0.00000     0.00000
2708.44632     0.00021     0.00284     0.00000     0.00000
2711.86694     0.00021     0.00284     0.00000     0.00000
2715.70927     0.00021     0.00284     0.00000     0.00000
2719.03791     0.00021     0.00284     0.00000     0.00000
2723.15844     0.00021     0.00284     0.00000     0.00000
2726.14072     0.00021     0.00284     0.00000     0.00000
2730.95176     0.00021     0.00284     0.00000     0.00000
2734.52105     0.00021     0.00284     0.00000     0.00000
2739.01306     0.00021     0.00284     0.00000     0.00000
2742.88728     0.00021     0.00284     0.00000     0.00000
2747.30278     0.00021     0.00284     0.00000     0.00000
2751.00041     0.00021     0.00284     0.00000     0.00000
2755.00327     0.00021     0.00284     0.00000     0.00000
2758.51243     0.00021     0.00284     0.00000     0.00000
2761.57499     0.00021     0.00284     0.00000     0.00000
2765.23885     0.00021     0.00284     0.00000     0.00000
2768.51382     0.00021     0.00284     0.00000     0.00000
2772.44255     0.00021     0.00284     0.00000     0.00000
2776.27790     0.00021     0.00284     0.00000     0.00000
2780.15794     0.00021     0.00284     0.00000     0.00000
2783.59305     0.00021     0.00284     0.00000     0.00000
2787.06454     0.00021     0.00284     0.00000     0.00000
2789.99261     0.00021     0.00284     0.00000     0.00000
2793.27676     0.00021     0.00284     0.00000     0.00000
2797.24321     0.00021     0.00284     0.00000     0.00000
2801.00533     0.00021     0.00284     0.00000     0.00000
2804.79045     0.00021     0.00284     0.00000     0.00000
2808.35297     0.00021     0.00285     0.00000     0.00000
2810.77365     0.00021     0.00285     0.00000     0.00000
2814.23203     0.00021     0.00285     0.00000     0.00000
2818.30455     0.00021     0.00285     0.00000     0.00000
2822.85309     0.00021     0.00285     0.00000     0.00000
2826.57212     0.00021     0.00285     0.00000     0.00000
2829.94442     0.00021     0.00285     0.00000     0.00000
2833.37199     0.00021     0.00285     0.00000     0.00000
2837.75753     0.00021     0.00285     0.00000     0.00000
2841.32586     0.00021     0.00285     0.00000     0.00000
2844.84993     0.00021     0.00285     0.00000     0.00000
2848.73388     0.00021     0.00285     0.00000     0.00000
2852.93819     0.00021     0.00285     0.00000     0.00000
2856.67132     0.00021     0.00285     0.00000     0.00000
2860.87087     0.00021     0.00285     0.00000     0.00000
2864.86656     0.00021     0.00285     0.00000     0.00000
2868.99101     0.00021     0.00285     0.00000     0.00000
2873.02091     0.00021     0.00285     0.00000     0.00000
2876.21367     0.00021     0.00285     0.00000     0.00000
2880.21221     0.00021     0.00285     0.00000     0.00000
2884.40050     0.00021     0.00285     0.00000     0.00000
2888.27106     0.00021     0.00285     0.00000     0.00000
2891.13041     0.00021     0.00285     0.00000     0.00000
2894.68709     0.00021     0.00285     0.00000     0.00000
2898.43944     0.00021     0.00285     0.00000     0.00000
2902.31284     0.00021     0.00285     0.00000     0.00000
2905.61667     0.00021     0.00285     0.00000     0.00000
2909.54536     0.00021     0.00285     0.00000     0.00000
2913.40161     0.00021     0.00285     0.00000     0.00000
2916.76912     0.00021     0.00285     0.00000     0.00000
2920.51178     0.00021     0.00285     0.00000     0.00000
2924.22342     0.00021     0.00285     0.00000     0.00000
2927.85967     0.00021     0.00285     0.00000     0.00000
2931.23991     0.00021     0.00285     0.00000     0.00000
2935.32552     0.00021     0.00285     0.00000     0.00000
2938.70378     0.00021     0.00285     0.00000     0.00000
2942.42079     0.00021     0.00285     0.00000     0.00000
2945.64724     0.00021     0.00285     0.00000     0.00000
2949.86698     0.00021     0.00285     0.00000     0.00000
2954.09324     0.00021     0.00285     0.00000     0.00000
2958.05687     0.00021     0.00285     0.00000     0.00000
2962.55849     0.00021     0.00285     0.00000     0.00000
2965.88277     0.00021     0.00285     0.00000     0.00000
2969.90714     0.00021     0.00285     0.00000     0.00000
2973.90058     0.00021     0.00285     0.00000     0.00000
2978.88617     0.00021     0.00285     0.00000     0.00000
2982.87863     0.00021     0.00285     0.00000     0.00000
2986.29725     0.00021     0.00285     0.00000     0.00000
2990.75938     0.00021     0.00285     0.00000     0.00000
2994.94979     0.00021     0.00285     0.00000     0.00000
2998.13491     0.00021     0.00285     0.00000     0.00000
3002.08494     0.00021     0.00285     0.00000     0.00000
3006.48924     0.00021     0.00285     0.00000     0.00000
3010.40176     0.00021     0.00285     0.00000     0.00000
3014.74681     0.00021     0.00285     0.00000     0.00000
3018.52841     0.00021     0.00285     0.00000     0.00000
3021.88598     0.00021     0.00285     0.00000     0.00000
3025.64145     0.00021     0.00285     0.00000     0.00000
3029.22475     0.00021     0.00285     0.00000     0.00000
3033.42764     0.00021     0.00285     0.00000     0.00000
3037.16674     0.00021     0.00285     0.00000     0.00000
3041.09130     0.00021     0.00285     0.00000     0.00000
3044.48829     0.00021     0.00285     0.00000     0.00000
3048.18018     0.00021     0.00285     0.00000     0.00000
3051.99543     0.00021     0.00285     0.00000     0.00000
3054.96481     0.00021     0.00285     0.00000     0.00000
3058.99705     0.00021     0.00285     0.00000     0.00000
3062.81304     0.00021     0.00285     0.00000     0.00000
3066.88930     0.00021     0.00285     0.00000     0.00000
3070.23529     0.00021     0.00285     0.00000     0.00000
3073.76402     0.00021     0.00285     0.00000     0.00000
3077.56346     0.00021     0.00285     0.00000     0.00000
3081.18153     0.00021     0.00285     0.00000     0.00000
3085.19570     0.00021     0.00285     0.00000     0.00000
3088.71546     0.00021     0.00285     0.00000     0.00000
3092.05023     0.00022     0.00285     0.00000     0.00000
3095.00679     0.00022     0.00285     0.00000     0.00000
3099.25245     0.00022     0.00285     0.00000     0.00000
3103.21543     0.00022     0.00285     0.00000     0.00000
3106.29626     0.00022     0.00285     0.00000     0.00000
3110.36624     0.00022     0.00285     0.00000     0.00000
3114.09994     0.00022     0.00285     0.00000     0.00000
3117.66804     0.00022     0.00285     0.00000     0.00000
3122.21272     0.00022     0.00285     0.00000     0.00000
3126.40262     0.00022     0.00285     0.00000     0.00000
3130.18843     0.00022     0.00285     0.00000     0.00000
3134.16009     0.00022     0.00285     0.00000     0.00000
3138.12529     0.00022     0.00285     0.00000     0.00000
3141.47126     0.00022     0.00285     0.00000     0.00000
3145.62146     0.00022     0.00285     0.00000     0.00000
3149.41756     0.00022     0.00285     0.00000     0.00000
3153.49527     0.00022     0.00285     0.00000     0.00000
3156.93153     0.00022     0.00285     0.00000     0.00000
3160.87791     0.00022     0.00285     0.00000     0.00000
3164.83124     0.00022     0.00285     0.00000     0.00000
3168.59289     0.00022     0.00285     0.00000     0.00000
3173.03784     0.00022     0.00285     0.00000     0.00000
3177.02815     0.00022     0.00285     0.00000     0.00000
3180.46853     0.00022     0.00285     0.00000     0.00000
3184.10588     0.00022     0.00285     0.00000     0.00000
3188.47679     0.00022     0.00285     0.00000     0.00000
3191.46183     0.00022     0.00285     0.00000     0.00000
3194.07977     0.00022     0.00286     0.00000     0.00000
3197.67470     0.00022     0.00286     0.00000     0.00000
3200.59967     0.00022     0.00286     0.00000     0.00000
3203.93398     0.00022     0.00286     0.00000     0.00000
3207.95024     0.00022     0.00286     0.00000     0.00000
3211.28566     0.00022     0.00286     0.00000     0.00000
3214.73163     0.00022     0.00286     0.00000     0.00000
3218.92757     0.00022     0.00286     0.00000     0.00000
3223.64157     0.00022     0.00286     0.00000     0.00000
3228.65369     0.00022     0.00286     0.00000     0.00000
3233.26505     0.00022     0.00286     0.00000     0.00000
3237.84569     0.00022     0.00286     0.00000     0.00000
3241.53463     0.00022     0.00286     0.00000     0.00000
3245.62651     0.00022     0.00286     0.00000     0.00000
3249.60512     0.00022     0.00285     0.00000     0.00000
3253.31550     0.00022     0.00285     0.00000     0.00000
3256.44867     0.00022     0.00286     0.00000     0.00000
3260.89160     0.00022     0.00285     0.00000     0.00000
3263.78726     0.00022     0.00286     0.00000     0.00000
3267.44842     0.00022     0.00286     0.00000     0.00000
3271.98015     0.00022     0.00286     0.00000     0.00000
3275.45408     0.00022     0.00286     0.00000     0.00000
3279.34443     0.00022     0.00286     0.00000     0.00000
3283.24784     0.00022     0.00286     0.00000     0.00000
3287.79209     0.00022     0.00285     0.00000     0.00000
3291.20495     0.00022     0.00286     0.00000     0.00000
3294.75023     0.00022     0.00286     0.00000     0.00000
3298.74338     0.00022     0.00286     0.00000     0.00000
3302.68275     0.00022     0.00286     0.00000     0.00000
3306.00862     0.00022     0.00286     0.00000     0.00000
3309.48669     0.00022     0.00286     0.00000     0.00000
3313.57237     0.00022     0.00286     0.00000     0.00000
3318.02092     0.00022     0.00286     0.00000     0.00000
3322.13257     0.00022     0.00286     0.00000     0.00000
3326.14545     0.00022     0.00286     0.00000     0.00000
3329.82529     0.00022     0.00286     0.00000     0.00000
3333.12986     0.00022     0.00286     0.00000     0.00000
3336.22066     0.00022     0.00286     0.00000     0.00000
3340.69328     0.00022     0.00286     0.00000     0.00000
3344.74936     0.00022     0.00286     0.00000     0.00000
3348.07315     0.00022     0.00286     0.00000     0.00000
3352.07119     0.00022     0.00286     0.00000     0.00000
3355.92332     0.00022     0.00286     0.00000     0.00000
3359.98636     0.00022     0.00286     0.00000     0.00000
3362.95040     0.00022     0.00286     0.00000     0.00000
3366.36883     0.00022     0.00286     0.00000     0.00000
3369.86252     0.00022     0.00286     0.00000     0.00000
3373.58662     0.00022     0.00286     0.00000     0.00000
3378.11983     0.00022     0.00286     0.00000     0.00000
3381.06666     0.00022     0.00286     0.00000     0.00000
3385.26996     0.00022     0.00286     0.00000     0.00000
3389.20215     0.00022     0.00286     0.00000     0.00000
3392.33569     0.00022     0.00286     0.00000     0.00000
3397.01492     0.00022     0.00286     0.00000     0.00000
3400.20169     0.00022     0.00286     0.00000     0.00000
3403.82699     0.00022     0.00286     0.00000     0.00000
3408.24284     0.00022     0.00286     0.00000     0.00000
3411.94598     0.00022     0.00286     0.00000     0.00000
3416.01414     0.00022     0.00286     0.00000     0.00000
3419.46346     0.00022     0.00286     0.00000     0.00000
3422.93377     0.00022     0.00286     0.00000     0.00000
3427.94673     0.00022     0.00286     0.00000     0.00000
3431.76080     0.00022     0.00286     0.00000     0.00000
3435.58757     0.00022     0.00286     0.00000     0.00000
3439.17561     0.00022     0.00286     0.00000     0.00000
3442.66608     0.00022     0.00286     0.00000     0.00000
3446.39562     0.00022     0.00286     0.00000     0.00000
3450.47107     0.00022     0.00286     0.00000     0.00000
3454.04312     0.00022     0.00286     0.00000     0.00000
3457.73160     0.00022     0.00286     0.00000     0.00000
3461.72324     0.00022     0.00286     0.00000     0.00000
3465.60604     0.00022     0.00286     0.00000     0.00000
3469.36636     0.00022     0.00286     0.00000     0.00000
3473.67002     0.00022     0.00286     0.00000     0.00000
3476.64854     0.00022     0.00286     0.00000     0.00000
3479.94961     0.00022     0.00286     0.00000     0.00000
3484.60028     0.00022     0.00286     0.00000     0.00000
3488.34968     0.00022     0.00286     0.00000     0.00000
3491.31678     0.00022     0.00286     0.00000     0.00000
3493.94554     0.00022     0.00286     0.00000     0.00000
3497.69776     0.00022     0.00286     0.00000     0.00000
3501.75526     0.00022     0.00286     0.00000     0.00000
3506.60954     0.00022     0.00286     0.00000     0.00000
3509.82452     0.00022     0.00286     0.00000     0.00000
3513.05288     0.00022     0.00286     0.00000     0.00000
3517.15068     0.00022     0.00286     0.00000     0.00000
3520.91686     0.00022     0.00286     0.00000     0.00000
3525.05163     0.00022     0.00286     0.00000     0.00000
3529.01551     0.00022     0.00286     0.00000     0.00000
3532.75881     0.00022     0.00286     0.00000     0.00000
3535.40270     0.00022     0.00286     0.00000     0.00000
3539.34126     0.00022     0.00286     0.00000     0.00000
3543.74540     0.00022     0.00286     0.00000     0.00000
3547.75882     0.00022     0.00286     0.00000     0.00000
3551.81507     0.00022     0.00286     0.00000     0.00000
3555.85460     0.00022     0.00286     0.00000     0.00000
3559.19922     0.00022     0.00286     0.00000     0.00000
3563.43269     0.00022     0.00286     0.00000     0.00000
3566.82149     0.00022     0.00286     0.00000     0.00000
3570.89074     0.00022     0.00286     0.00000     0.00000
3574.35417     0.00022     0.00286     0.00000     0.00000
3578.23228     0.00022     0.00286     0.00000     0.00000
3582.15682     0.00022     0.00286     0.00000     0.00000
3585.65546     0.00022     0.00286     0.00000     0.00000
3589.54675     0.00022     0.00286     0.00000     0.00000
3593.23919     0.00022     0.00286     0.00000     0.00000
3597.47194     0.00022     0.00286     0.00000     0.00000
3601.74502     0.00022     0.00286     0.00000     0.00000
3604.88282     0.00022     0.00286     0.00000     0.00000
3607.55857     0.00022     0.00286     0.00000     0.00000
3611.91922     0.00022     0.00286     0.00000     0.00000
3616.28086     0.00022     0.00286     0.00000     0.00000
3620.35566     0.00022     0.00286     0.00000     0.00000
3624.32805     0.00022     0.00286     0.00000     0.00000
3629.03488     0.00022     0.00286     0.00000     0.00000
3633.18920     0.00022     0.00286     0.00000     0.00000
3636.98838     0.00022     0.00286     0.00000     0.00000
3642.50498     0.00022     0.00286     0.00000     0.00000
3646.45546     0.00022     0.00286     0.00000     0.00000
3649.97409     0.00022     0.00286     0.00000     0.00000
3653.75135     0.00022     0.00286     0.00000     0.00000
3657.76018     0.00022     0.00286     0.00000     0.00000
3661.68703     0.00022     0.00286     0.00000     0.00000
3665.72360     0.00022     0.00286     0.00000     0.00000
3669.27761     0.00022     0.00286     0.00000     0.00000
3672.93210     0.00022     0.00286     0.00000     0.00000
3676.34471     0.00022     0.00286     0.00000     0.00000
3680.36313     0.00022     0.00286     0.00000     0.00000
3683.58551     0.00022     0.00286     0.00000     0.00000
3687.48644     0.00022     0.00286     0.00000     0.00000
3690.88004     0.00022     0.00286     0.00000     0.00000
3694.81932     0.00022     0.00286     0.00000     0.00000
3698.86427     0.00022     0.00286     0.00000     0.00000
3702.30017     0.00022     0.00286     0.00000     0.00000
3706.32689     0.00022     0.00286     0.00000     0.00000
3711.11673     0.00022     0.00286     0.00000     0.00000
3714.44116     0.00022     0.00286     0.00000     0.00000
3718.27682     0.00022     0.00286     0.00000     0.00000
3722.24833     0.00022     0.00286     0.00000     0.00000
3726.21564     0.00022     0.00286     0.00000     0.00000
3729.67202     0.00022     0.00286     0.00000     0.00000
3733.04326     0.00022     0.00286     0.00000     0.00000
3736.91505     0.00022     0.00286     0.00000     0.00000
3741.53800     0.00022     0.00286     0.00000     0.00000
3745.88528     0.00022     0.00286     0.00000     0.00000
3749.86134     0.00022     0.00286     0.00000     0.00000
3753.41334     0.00022     0.00286     0.00000     0.00000
3757.38826     0.00022     0.00286     0.00000     0.00000
3761.16245     0.00022     0.00286     0.00000     0.00000
3764.81741     0.00022     0.00286     0.00000     0.00000
3769.08583     0.00022     0.00286     0.00000     0.00000
3772.91265     0.00022     0.00286     0.00000     0.00000
3776.04771     0.00022     0.00286     0.00000     0.00000
3780.06745     0.00022     0.00286     0.00000     0.00000
3783.56219     0.00022     0.00286     0.00000     0.00000
3787.73777     0.00022     0.00286     0.00000     0.00000
3791.41932     0.00022     0.00286     0.00000     0.00000
3795.53493     0.00022     0.00286     0.00000     0.00000
3799.52443     0.00022     0.00286     0.00000     0.00000
3803.98775     0.00022     0.00286     0.00000     0.00000
3807.70118     0.00022     0.00286     0.00000     0.00000
3812.31394     0.00022     0.00286     0.00000     0.00000
3815.63527     0.00022     0.00286     0.00000     0.00000
3820.03765     0.00022     0.00286     0.00000     0.00000
3824.74379     0.00022     0.00286     0.00000     0.00000
3828.49930     0.00022     0.00286     0.00000     0.00000
3832.76373     0.00022     0.00286     0.00000     0.00000
3836.34950     0.00022     0.00286     0.00000     0.00000
3840.47340     0.00022     0.00286     0.00000     0.00000
3844.70202     0.00022     0.00286     0.00000     0.00000
3848.80608     0.00022     0.00286     0.00000     0.00000
3852.48726     0.00022     0.00286     0.00000     0.00000
3856.16302     0.00022     0.00286     0.00000     0.00000
3860.47728     0.00022     0.00285     0.00000     0.00000
3863.71136     0.00022     0.00286     0.00000     0.00000
3867.09116     0.00022     0.00286     0.00000     0.00000
3870.44736     0.00022     0.00286     0.00000     0.00000
3874.33905     0.00022     0.00286     0.00000     0.00000
3878.98386     0.00022     0.00286     0.00000     0.00000
3883.07681     0.00022     0.00286     0.00000     0.00000
3888.02173     0.00022     0.00285     0.00000     0.00000
3891.92943     0.00022     0.00285     0.00000     0.00000
3895.80689     0.00022     0.00285     0.00000     0.00000
3899.68935     0.00022     0.00286     0.00000     0.00000
3903.71531     0.00022     0.00285     0.00000     0.00000
3907.46020     0.00022     0.00286     0.00000     0.00000
3911.19378     0.00022     0.00286     0.00000     0.00000
3914.93180     0.00022     0.00286     0.00000     0.00000
3918.44172     0.00022     0.00286     0.00000     0.00000
3921.70292     0.00022     0.00286     0.00000     0.00000
3925.40240     0.00022     0.00286     0.00000     0.00000
3929.34897     0.00022     0.00286     0.00000     0.00000
3932.73497     0.00022     0.00286     0.00000     0.00000
3936.86022     0.00022     0.00286     0.00000     0.00000
3940.95100     0.00022     0.00286     0.00000     0.00000
3944.89985     0.00022     0.00286     0.00000     0.00000
3948.86576     0.00022     0.00286     0.00000     0.00000
3951.73496     0.00022     0.00286     0.00000     0.00000
3955.22726     0.00022     0.00286     0.00000     0.00000
3958.60872     0.00022     0.00286     0.00000     0.00000
3962.70751     0.00022     0.00286     0.00000     0.00000
3966.50272     0.00022     0.00286     0.00000     0.00000
3970.42170     0.00022     0.00286     0.00000     0.00000
3974.66092     0.00022     0.00286     0.00000     0.00000
3978.66768     0.00022     0.00286     0.00000     0.00000
3983.13726     0.00022     0.00286     0.00000     0.00000
3987.20554     0.00022     0.00286     0.00000     0.00000
3991.80492     0.00022     0.00286     0.00000     0.00000
3995.92210     0.00022     0.00286     0.00000     0.00000
3999.74741     0.00022     0.00286     0.00000     0.00000
4003.33479     0.00022     0.00286     0.00000     0.00000
4007.04165     0.00022     0.00286     0.00000     0.00000
4010.97255     0.00022     0.00286     0.00000     0.00000
4015.51283     0.00022     0.00285     0.00000     0.00000
4018.82484     0.00022     0.00285     0.00000     0.00000
4023.07436     0.00022     0.00285     0.00000     0.00000
4026.54643     0.00022     0.00285     0.00000     0.00000
4029.79328     0.00022     0.00286     0.00000     0.00000
4034.01646     0.00022     0.00285     0.00000     0.00000
4037.74526     0.00022     0.00285     0.00000     0.00000
4041.24714     0.00022     0.00286     0.00000     0.00000
4044.15793     0.00022     0.00286     0.00000     0.00000
4048.33731     0.00022     0.00286     0.00000     0.00000
4052.85273     0.00022     0.00286     0.00000     0.00000
4056.72454     0.00022     0.00286     0.00000     0.00000
4060.56124     0.00022     0.00286     0.00000     0.00000
4064.26721     0.00022     0.00286     0.00000     0.00000
4067.95078     0.00022     0.00286     0.00000     0.00000
4071.36163     0.00022     0.00286     0.00000     0.00000
4075.23352     0.00022     0.00286     0.00000     0.00000
4078.98041     0.00022     0.00286     0.00000     0.00000
4083.32004     0.00022     0.00286     0.00000     0.00000
4087.44561     0.00022     0.00286     0.00000     0.00000
4091.46653     0.00022     0.00286     0.00000     0.00000
4095.91537     0.00022     0.00285     0.00000     0.00000
4099.63272     0.00022     0.00285     0.00000     0.00000
4103.47633     0.00022     0.00285     0.00000     0.00000
4106.58040     0.00022     0.00286     0.00000     0.00000
4111.07687     0.00022     0.00286     0.00000     0.00000
4114.81444     0.00022     0.00285     0.00000     0.00000
4118.63393     0.00022     0.00285     0.00000     0.00000
4123.23432     0.00022     0.00285     0.00000     0.00000
4126.79602     0.00022     0.00285     0.00000     0.00000
4130.57198     0.00022     0.00285     0.00000     0.00000
4134.94519     0.00022     0.00285     0.00000     0.00000
4139.97607     0.00022     0.00285     0.00000     0.00000
4143.61051     0.00022     0.00285     0.00000     0.00000
4147.56370     0.00022     0.00285     0.00000     0.00000
4151.02225     0.00022     0.00285     0.00000     0.00000
4154.66207     0.00022     0.00285     0.00000     0.00000
4158.34883     0.00022     0.00285     0.00000     0.00000
4161.68155     0.00022     0.00285     0.00000     0.00000
4165.15554     0.00022     0.00285     0.00000     0.00000
4168.86174     0.00022     0.00285     0.00000     0.00000
4172.95466     0.00022     0.00285     0.00000     0.00000
4176.80664     0.00022     0.00285     0.00000     0.00000
4179.65826     0.00022     0.00286     0.00000     0.00000
4183.02222     0.00022     0.00286     0.00000     0.00000
4186.80017     0.00022     0.00286     0.00000     0.00000
4190.70611     0.00022     0.00286     0.00000     0.00000
4194.18374     0.00022     0.00286     0.00000     0.00000
4198.33258     0.00022     0.00286     0.00000     0.00000
4201.53256     0.00022     0.00286     0.00000     0.00000
4205.65030     0.00022     0.00286     0.00000     0.00000
4210.65552     0.00022     0.00286     0.00000     0.00000
4215.39969     0.00022     0.00285     0.00000     0.00000
4219.75160     0.00022     0.00285     0.00000     0.00000
4224.33197     0.00022     0.00285     0.00000     0.00000
4228.35221     0.00022     0.00285     0.00000     0.00000
4230.97194     0.00022     0.00285     0.00000     0.00000
4234.95363     0.00022     0.00285     0.00000     0.00000
4239.01381     0.00022     0.00285     0.00000     0.00000
4242.98757     0.00022     0.00285     0.00000     0.00000
4246.50849     0.00022     0.00285     0.00000     0.00000
4250.35885     0.00022     0.00285     0.00000     0.00000
4254.18685     0.00022     0.00285     0.00000     0.00000
4257.38040     0.00022     0.00285     0.00000     0.00000
4261.60355     0.00022     0.00285     0.00000     0.00000
4265.55164     0.00022     0.00285     0.00000     0.00000
4268.72363     0.00022     0.00285     0.00000     0.00000
4272.14583     0.00022     0.00286     0.00000     0.00000
4275.72228     0.00022     0.00286     0.00000     0.00000
4279.58700     0.00022     0.00286     0.00000     0.00000
4283.51995     0.00022     0.00286     0.00000     0.00000
4286.81753     0.00022     0.00286     0.00000     0.00000
4290.88488     0.00022     0.00286     0.00000     0.00000
4294.57235     0.00022     0.00286     0.00000     0.00000
4299.12151     0.00022     0.00286     0.00000     0.00000
4303.05367     0.00022     0.00286     0.00000     0.00000
4306.76433     0.00022     0.00286     0.00000     0.00000
4310.88360     0.00022     0.00286     0.00000     0.00000
4315.00301     0.00022     0.00286     0.00000     0.00000
4319.04039     0.00022     0.00285     0.00000     0.00000
4322.13811     0.00022     0.00286     0.00000     0.00000
4325.58665     0.00022     0.00286     0.00000     0.00000
4329.41949     0.00022     0.00286     0.00000     0.00000
4334.28938     0.00022     0.00285     0.00000     0.00000
4337.33552     0.00022     0.00286     0.00000     0.00000
4341.22023     0.00022     0.00286     0.00000     0.00000
4345.35772     0.00022     0.00286     0.00000     0.00000
4349.70594     0.00022     0.00285     0.00000     0.00000
4352.87601     0.00022     0.00286     0.00000     0.00000
4356.69365     0.00022     0.00286     0.00000     0.00000
4360.07752     0.00022     0.00286     0.00000     0.00000
4364.63233     0.00022     0.00285     0.00000     0.00000
4367.62135     0.00022     0.00286     0.00000     0.00000
4371.80904     0.00022     0.00286     0.00000     0.00000
4375.70720     0.00022     0.00286     0.00000     0.00000
4380.27831     0.00022     0.00285     0.00000     0.00000
4384.72160     0.00022     0.00285     0.00000     0.00000
4388.72753     0.00022     0.00285     0.00000     0.00000
4393.20771     0.00022     0.00285     0.00000     0.00000
4397.63489     0.00022     0.00285     0.00000     0.00000
4402.24414     0.00021     0.00285     0.00000     0.00000
4406.08315     0.00021     0.00285     0.00000     0.00000
4408.68287     0.00022     0.00285     0.00000     0.00000
4412.71708     0.00022     0.00285     0.00000     0.00000
4416.59048     0.00022     0.00285     0.00000     0.00000
4420.54406     0.00022     0.00285     0.00000     0.00000
4424.89235     0.00022     0.00285     0.00000     0.00000
4429.20268     0.00022     0.00285     0.00000     0.00000
4433.36882     0.00021     0.00285     0.00000     0.00000
4436.66852     0.00022     0.00285     0.00000     0.00000
4440.47658     0.00022     0.00285     0.00000     0.00000
4444.34482     0.00022     0.00285     0.00000     0.00000
4448.15448     0.00022     0.00285     0.00000     0.00000
4452.51318     0.00021     0.00285     0.00000     0.00000
4456.32233     0.00021     0.00285     0.00000     0.00000
4459.61997     0.00022     0.00285     0.00000     0.00000
4463.78598     0.00021     0.00285     0.00000     0.00000
4467.92862     0.00021     0.00285     0.00000     0.00000
4471.72205     0.00021     0.00285     0.00000     0.00000
4475.23989     0.00022     0.00285     0.00000     0.00000
4479.10095     0.00022     0.00285     0.00000     0.00000
4483.74153     0.00021     0.00285     0.00000     0.00000
4488.07158     0.00021     0.00285     0.00000     0.00000
4491.89836     0.00021     0.00285     0.00000     0.00000
4496.15252     0.00021     0.00285     0.00000     0.00000
4500.82697     0.00021     0.00285     0.00000     0.00000
4504.22453     0.00021     0.00285     0.00000     0.00000
4507.90794     0.00021     0.00285     0.00000     0.00000
4512.17105     0.00021     0.00285     0.00000     0.00000
4515.62830     0.00021     0.00285     0.00000     0.00000
4519.99713     0.00021     0.00285     0.00000     0.00000
4524.71146     0.00021     0.00285     0.00000     0.00000
4528.65250     0.00021     0.00285     0.00000     0.00000
4532.38701     0.00021     0.00285     0.00000     0.00000
4536.55101     0.00021     0.00285     0.00000     0.00000
4540.88728     0.00021     0.00285     0.00000     0.00000
4544.61665     0.00021     0.00285     0.00000     0.00000
4548.53904     0.00021     0.00285     0.00000     0.00000
4552.26795     0.00021     0.00285     0.00000     0.00000
4555.43681     0.00021     0.00285     0.00000     0.00000
4559.89664     0.00021     0.00285     0.00000     0.00000
4564.46510     0.00021     0.00285     0.00000     0.00000
4568.64827     0.00021     0.00285     0.00000     0.00000
4572.07742     0.00021     0.00285     0.00000     0.00000
4576.33607     0.00021     0.00285     0.00000     0.00000
4580.16944     0.00021     0.00285     0.00000     0.00000
4583.90180     0.00021     0.00285     0.00000     0.00000
4587.91852     0.00021     0.00285     0.00000     0.00000
4591.35797     0.00021     0.00285     0.00000     0.00000
4594.59111     0.00021     0.00285     0.00000     0.00000
4598.00489     0.00021     0.00285     0.00000     0.00000
4600.78594     0.00021     0.00285     0.00000     0.00000
4605.07274     0.00021     0.00285     0.00000     0.00000
4608.90231     0.00021     0.00285     0.00000     0.00000
4612.42921     0.00021     0.00285     0.00000     0.00000
4616.83474     0.00021     0.00285     0.00000     0.00000
4621.18698     0.00021     0.00285     0.00000     0.00000
4624.86401     0.00021     0.00285     0.00000     0.00000
4628.66231     0.00021     0.00285     0.00000     0.00000
4631.35739     0.00021     0.00285     0.00000     0.00000
4635.35654     0.00021     0.00285     0.00000     0.00000
4638.85146     0.00021     0.00285     0.00000     0.00000
4642.52587     0.00021     0.00285     0.00000     0.00000
4646.76260     0.00021     0.00285     0.00000     0.00000
4651.09006     0.00021     0.00285     0.00000     0.00000
4654.79431     0.00021     0.00285     0.00000     0.00000
4658.78360     0.00021     0.00285     0.00000     0.00000
4663.09289     0.00021     0.00285     0.00000     0.00000
4666.81248     0.00021     0.00285     0.00000     0.00000
4671.42541     0.00021     0.00285     0.00000     0.00000
4675.74010     0.00021     0.00285     0.00000     0.00000
4680.02191     0.00021     0.00285     0.00000     0.00000
4684.05233     0.00021     0.00285     0.00000     0.00000
4687.32179     0.00021     0.00285     0.00000     0.00000
4691.50587     0.00021     0.00285     0.00000     0.00000
4695.96778     0.00021     0.00285     0.00000     0.00000
4698.90025     0.00021     0.00285     0.00000     0.00000
4702.08670     0.00021     0.00285     0.00000     0.00000
4706.31990     0.00021     0.00285     0.00000     0.00000
4710.87150     0.00021     0.00285     0.00000     0.00000
4715.59277     0.00021     0.00285     0.00000     0.00000
4719.50454     0.00021     0.00285     0.00000     0.00000
4722.68467     0.00021     0.00285     0.00000     0.00000
4727.16306     0.00021     0.00285     0.00000     0.00000
4730.92581     0.00021     0.00285     0.00000     0.00000
4735.26854     0.00021     0.00285     0.00000     0.00000
4739.05854     0.00021     0.00285     0.00000     0.00000
4742.67296     0.00021     0.00285     0.00000     0.00000
4746.86404     0.00021     0.00285     0.00000     0.00000
4749.58568     0.00021     0.00285     0.00000     0.00000
4752.98735     0.00021     0.00285     0.00000     0.00000
4757.59069     0.00021     0.00285     0.00000     0.00000
4761.02529     0.00021     0.00285     0.00000     0.00000
4765.46729     0.00021     0.00285     0.00000     0.00000
4769.51675     0.00021     0.00285     0.00000     0.00000
4773.61000     0.00021     0.00285     0.00000     0.00000
4777.27449     0.00021     0.00285     0.00000     0.00000
4781.89313     0.00021     0.00285     0.00000     0.00000
4785.75553     0.00021     0.00285     0.00000     0.00000
4789.59935     0.00021     0.00285     0.00000     0.00000
4793.97837     0.00021     0.00285     0.00000     0.00000
4798.02281     0.00021     0.00285     0.00000     0.00000
4800.83393     0.00021     0.00285     0.00000     0.00000
4804.75930     0.00021     0.00285     0.00000     0.00000
4808.75270     0.00021     0.00285     0.00000     0.00000
4812.50603     0.00021     0.00285     0.00000     0.00000
4816.46935     0.00021     0.00285     0.00000     0.00000
4820.10131     0.00021     0.00285     0.00000     0.00000
4823.62416     0.00021     0.00285     0.00000     0.00000
4827.54966     0.00021     0.00285     0.00000     0.00000
4831.24290     0.00021     0.00285     0.00000     0.00000
4834.93085     0.00021     0.00285     0.00000     0.00000
4838.67466     0.00021     0.00285     0.00000     0.00000
4842.04593     0.00021     0.00285     0.00000     0.00000
4845.13060     0.00021     0.00285     0.00000     0.00000
4848.93518     0.00021     0.00285     0.00000     0.00000
4853.35531     0.00021     0.00285     0.00000     0.00000
4857.17302     0.00021     0.00285     0.00000     0.00000
4861.11394     0.00021     0.00285     0.00000     0.00000
4864.47881     0.00021     0.00285     0.00000     0.00000
4867.44673     0.00021     0.00285     0.00000     0.00000
4871.05670     0.00021     0.00285     0.00000     0.00000
4875.81923     0.00021     0.00285     0.00000     0.00000
4879.75707     0.00021     0.00285     0.00000     0.00000
4883.64409     0.00021     0.00285     0.00000     0.00000
4887.68107     0.00021     0.00285     0.00000     0.00000
4891.80740     0.00021     0.00285     0.00000     0.00000
4895.64789     0.00021     0.00285     0.00000     0.00000
4899.46788     0.00021     0.00285     0.00000     0.00000
4902.71021     0.00021     0.00285     0.00000     0.00000
4906.41538     0.00021     0.00285     0.00000     0.00000
4910.08245     0.00021     0.00285     0.00000     0.00000
4913.58668     0.00021     0.00285     0.00000     0.00000
4917.69753     0.00021     0.00285     0.00000     0.00000
4921.22858     0.00021     0.00285     0.00000     0.00000
4925.08660     0.00021     0.00285     0.00000     0.00000
4929.55926     0.00021     0.00285     0.00000     0.00000
4933.40422     0.00021     0.00285     0.00000     0.00000
4936.98129     0.00021     0.00285     0.00000     0.00000
4940.75719     0.00021     0.00285     0.00000     0.00000
4944.39392     0.00021     0.00285     0.00000     0.00000
4948.17956     0.00021     0.00285     0.00000     0.00000
4951.75803     0.00021     0.00285     0.00000     0.00000
4955.60726     0.00021     0.00285     0.00000     0.00000
4958.94767     0.00021     0.00285     0.00000     0.00000
4962.57039     0.00021     0.00285     0.00000     0.00000
4966.28624     0.00021     0.00285     0.00000     0.00000
4970.01055     0.00021     0.00285     0.00000     0.00000
4973.55760     0.00021     0.00285     0.00000     0.00000
4977.18852     0.00021     0.00285     0.00000     0.00000
4980.47224     0.00022     0.00285     0.00000     0.00000
4984.12263     0.00022     0.00285     0.00000     0.00000
4988.16177     0.00022     0.00285     0.00000     0.00000
4992.13561     0.00022     0.00285     0.00000     0.00000
4995.58514     0.00022     0.00285     0.00000     0.00000
4999.92194     0.00022     0.00285     0.00000     0.00000
5004.47332     0.00021     0.00285     0.00000     0.00000
5008.34218     0.00021     0.00285     0.00000     0.00000
5012.23879     0.00021     0.00285     0.00000     0.00000
5016.70950     0.00021     0.00285     0.00000     0.00000
5020.48396     0.00021     0.00285     0.00000     0.00000
5024.90049     0.00021     0.00285     0.00000     0.00000
5028.96605     0.00021     0.00285     0.00000     0.00000
5032.80871     0.00021     0.00285     0.00000     0.00000
5037.49902     0.00021     0.00285     0.00000     0.00000
5041.55739     0.00021     0.00285     0.00000     0.00000
5045.15672     0.00021     0.00285     0.00000     0.00000
5049.34744     0.00021     0.00285     0.00000     0.00000
5052.70976     0.00021     0.00285     0.00000     0.00000
5057.31504     0.00021     0.00285     0.00000     0.00000
5061.54248     0.00021     0.00285     0.00000     0.00000
5065.07980     0.00021     0.00285     0.00000     0.00000
5069.24078     0.00021     0.00285     0.00000     0.00000
5072.34096     0.00021     0.00285     0.00000     0.00000
5075.83526     0.00021     0.00285     0.00000     0.00000
5079.62350     0.00021     0.00285     0.00000     0.00000
5083.36516     0.00021     0.00285     0.00000     0.00000
5087.03248     0.00021     0.00285     0.00000     0.00000
5090.92739     0.00021     0.00285     0.00000     0.00000
5094.79666     0.00021     0.00285     0.00000     0.00000
5098.01777     0.00021     0.00285     0.00000     0.00000
5102.95264     0.00021     0.00285     0.00000     0.00000
5106.49435     0.00021     0.00285     0.00000     0.00000
5110.53880     0.00021     0.00285     0.00000     0.00000
5114.27807     0.00021     0.00285     0.00000     0.00000
5117.48692     0.00021     0.00285     0.00000     0.00000
5121.31236     0.00021     0.00285     0.00000     0.00000
5126.14241     0.00021     0.00285     0.00000     0.00000
5130.21433     0.00021     0.00285     0.00000     0.00000
5133.40640     0.00021     0.00285     0.00000     0.00000
5136.88079     0.00021     0.00285     0.00000     0.00000
5140.47989     0.00021     0.00285     0.00000     0.00000
5144.20935     0.00021     0.00285     0.00000     0.00000
5148.33908     0.00021     0.00285     0.00000     0.00000
5152.31536     0.00021     0.00285     0.00000     0.00000
5156.77963     0.00021     0.00285     0.00000     0.00000
5161.11081     0.00021     0.00285     0.00000     0.00000
5163.91568     0.00021     0.00285     0.00000     0.00000
5167.87904     0.00021     0.00285     0.00000     0.00000
5171.64186     0.00021     0.00285     0.00000     0.00000
5175.97444     0.00021     0.00285     0.00000     0.00000
5179.80622     0.00021     0.00285     0.00000     0.00000
5184.02546     0.00021     0.00285     0.00000     0.00000
5187.69227     0.00021     0.00285     0.00000     0.00000
5191.56682     0.00021     0.00285     0.00000     0.00000
5195.48168     0.00021     0.00285     0.00000     0.00000
5200.50726     0.00021     0.00285     0.00000     0.00000
5205.22740     0.00021     0.00285     0.00000     0.00000
5209.06979     0.00021     0.00285     0.00000     0.00000
5213.35212     0.00021     0.00285     0.00000     0.00000
5217.90547     0.00021     0.00285     0.00000     0.00000
5221.36180     0.00021     0.00285     0.00000     0.00000
5224.98704     0.00021     0.00285     0.00000     0.00000
5228.60187     0.00021     0.00285     0.00000     0.00000
5232.34360     0.00021     0.00285     0.00000     0.00000
5235.71808     0.00021     0.00285     0.00000     0.00000
5239.35433     0.00021     0.00285     0.00000     0.00000
5243.27777     0.00021     0.00285     0.00000     0.00000
5247.03372     0.00021     0.00285     0.00000     0.00000
5252.56297     0.00021     0.00285     0.00000     0.00000
5256.07346     0.00021     0.00285     0.00000     0.00000
5260.09118     0.00021     0.00285     0.00000     0.00000
5263.56616     0.00021     0.00285     0.00000     0.00000
5267.62207     0.00021     0.00285     0.00000     0.00000
